$ 0 5.0E-6 1.0312258501325766 50 5.0 50
151 176 144 272 144 0 3 5.0
151 176 304 272 304 0 3 5.0
L 176 144 128 144 2 0 false 5.0 0.0
L 176 304 128 304 2 1 false 5.0 0.0
x 89 151 96 157 0 24 J
x 86 314 102 320 0 24 K
151 272 160 368 160 0 2 0.0
151 272 288 368 288 0 2 5.0
w 160 160 160 224 0
w 160 288 160 224 0
L 160 224 128 224 2 1 false 5.0 0.0
x 75 236 106 242 0 24 Ck
w 272 272 272 240 0
w 272 240 368 192 0
w 368 192 368 160 0
w 272 176 272 208 0
w 272 208 368 256 0
w 368 256 368 288 0
w 592 256 592 288 0
w 496 208 592 256 0
w 496 176 496 208 0
w 592 192 592 160 0
w 496 240 592 192 0
w 496 272 496 240 0
w 400 288 400 224 0
w 400 160 400 224 0
151 496 288 592 288 0 2 4.999999999999999
151 496 160 592 160 0 2 0.0
151 400 304 496 304 0 2 5.0
151 400 144 496 144 0 2 5.0
w 368 160 368 128 0
w 368 128 400 128 0
w 368 288 368 320 0
w 368 320 400 320 0
M 592 160 640 160 6 3.0
M 592 288 640 288 6 3.0
w 160 160 176 160 0
w 160 288 176 288 0
w 160 288 160 400 0
I 160 400 400 400 0 0.5
w 400 400 400 288 0
w 496 176 496 96 0
w 496 96 176 96 0
w 176 96 176 128 0
w 496 272 496 352 0
w 496 352 176 352 0
w 176 352 176 320 0
