$ 0 5.0E-6 3.5993318835628396 50 5.0 50
x 599 248 641 254 0 24 = Z
178 288 208 368 208 0 1 0.0020 4.337703921146222E-49 0.05 1000000.0 0.02 20.0
R 288 208 288 160 0 0 40.0 5.0 0.0 0.0 0.5
g 288 256 288 288 0
L 288 240 176 240 2 0 false 5.0 0.0
x 117 250 161 256 0 24 A =
M 496 240 576 240 4 3.0
L 288 368 176 368 2 0 false 5.0 0.0
178 400 224 496 224 0 1 0.0020 1.05227821944215E-56 0.05 1000000.0 0.02 20.0
w 368 224 400 224 0
w 288 368 368 368 0
w 368 368 368 256 0
w 368 256 400 256 0
g 400 272 400 320 0
b 512 418 240 144 0
x 122 378 163 384 0 24 B =
