$ 0 5.0E-6 1.0312258501325766 50 5.0 50
150 256 160 352 160 0 2 0.0
152 256 304 352 304 0 2 0.0
x 189 58 437 66 0 36 Portas Lógicas
x 164 154 208 160 0 24 A =
x 158 331 199 337 0 24 B =
x 158 296 202 302 0 24 A =
x 164 187 205 193 0 24 B =
x 398 169 456 175 0 24 = AB
x 405 317 498 323 0 24 = A + B
I 256 448 352 448 0 0.5
x 165 459 209 465 0 24 A =
x 434 457 451 463 2 24 A
L 256 288 224 288 2 0 false 5.0 0.0
L 256 320 224 320 2 0 false 5.0 0.0
M 352 304 384 304 2 3.0
L 256 144 224 144 2 0 false 5.0 0.0
L 256 176 224 176 2 0 false 5.0 0.0
M 352 160 384 160 2 3.0
L 256 448 224 448 2 0 false 5.0 0.0
M 352 448 384 448 2 3.0
x 405 456 424 462 0 24 =
x 251 110 372 116 0 24 Porta AND
x 253 255 355 261 0 24 Porta OR
x 241 410 361 416 0 24 Porta NOT
x 309 -1 311 1 0 5 .
