$ 0 5.0E-6 1.0312258501325766 50 5.0 50
v 144 336 144 176 0 0 40.0 5.0 0.0 0.0 0.5
w 144 176 192 176 0
s 192 144 288 144 0 1 false
w 528 336 144 336 0
s 192 208 336 208 0 1 false
w 192 144 192 176 0
w 192 176 192 208 0
x 254 114 270 120 0 24 A
x 333 113 349 119 0 24 B
s 288 144 384 144 0 1 false
s 384 144 480 144 0 1 false
s 352 208 480 208 0 1 false
w 336 208 352 208 0
w 480 144 480 176 0
w 480 208 480 176 0
w 480 176 528 176 0
162 528 176 528 336 1 2.1024259 1.0 0.0 0.0
x 430 112 447 118 0 24 C
x 264 241 282 247 0 24 D
x 408 243 423 249 0 24 E
x 554 264 567 270 0 24 L
