$ 0 5.0E-6 1.0312258501325766 50 5.0 50
v 128 336 128 160 0 0 40.0 5.0 0.0 0.0 0.5
s 176 128 288 128 0 1 false
w 336 336 128 336 0
x 468 257 564 263 0 24 L(A,B,C)
x 224 94 240 100 0 24 A
s 288 128 384 128 0 1 false
162 432 160 432 336 1 2.1024259 1.0 0.0 0.0
w 432 336 336 336 0
x 342 94 358 100 0 24 B
w 176 192 240 192 0
s 240 192 336 192 0 1 false
w 336 192 384 192 0
w 128 160 176 160 0
w 384 160 432 160 0
x 281 229 298 235 0 24 C
w 176 160 176 128 0
w 176 160 176 192 0
w 384 128 384 160 0
w 384 192 384 160 0
